167
222
699
263
98
28
50
20
167
1
24
898
42
340
542
17
233
34
1
191
15
47
795
1
314
15
1
720
1415
252
28
91
14
57
13
9
15
42
19
1
1
54
5
22
39
22
4
60
2
10
26
1
2
35
29
7
57
30
10
10
43
22
29
2
23
17
23
32
20
6
9
203
314
91
91
2197
5
52
916
10
133
25
3
35
50
322
11
22
122
10
1
1
39
49
5
266
5
15
6
779
9
9
5
9
93
165
107
14
3
151
303
85
198
27
18
1
2
556
588
18
27
5
1
20
196
1
165
51
9
121
5
342
39
40
18
299
90
39
368
7
32
132
9
4
227
7
205
15
19
4
70
479
3
139
16
146
51
162
4
46
100
1
1
30
15
6
3
120
6
295
38
198
227
1
20
833
11
10
9
2
168
477
20
93
91
146
90
97
1
50
10
722
13
48
9
65
303
45
100
14
8
379
44
8
2
30
42
16
869
24
1162
30
542
511
3
424
223
184
34
3
10
93
102
400
73
60
10
34
15
10
12
9
177
1
48
106
146
560
2
7
94
36
50
100
36
46
50
6
3
50
5
10
40
26
29
5
118
144
45
2
107
889
3
2
41
44
11
100
1162
19
85
162
406
12
280
57
25
139
23
56
3
201
130
12
12
18
19
3
6
13
77
22
2
6
70
4
5
26
2
558
228
140
6
9
96
11
165
4
4
22
93
50
6
3
44
2
376
9
17
9
8
27
4
500
101
9
50
22
11
44
170
17
240
267
2
50
6
623
10
63
27
122
80
40
7
11
18
24
101
21
50
16
186
190
191
97
102
11
52
27
101
1
24
113
6
1
48
147
16
33
17
2494
1
1
14
203
251
5
7
51
12
1
211
10
100
83
36
15
4
3
20
325
27
46
21
41
833
572
117
45
17
384
30
49
22
2
420
88
10
18
46
84
40
106
28
10
26
34
722
3
6
40
26
1
68
67
46
20
16
6
1
173
2
10
11
5
623
174
108
2
16
24
96
514
48
233
167
24
42
0
0
0
0
0
0
0
0
0
0
0
0
0
0
0
0
0
0
0
0
0
0
0
0
0
0
0
0
0
0
0
0
0
0
21
0
0
0
0
0
0
0
0
0
0
26
0
0
0
0
0
0
0
0
0
0
0
0
0
0
0
0
0
0
0
0
0
0
0
0
0
0
0
0
0
0
0
0
0
0
0
0
0
0
0
0
0
0
0
0
0
0
0
0
0
0
0
0
0
0
0
0
0
0
0
0
0
0
0
0
1
0
0
0
0
0
0
0
0
0
0
0
0
0
0
0
0
0
0
0
0
0
50
45
5
