167
144.0
699
263
98
28
50
20
162.0
1
24
891.0
42
340.0
513.0
17.0
233
34.0
1
191.0
15.0
47.0
694.0
1.0
285.0
13.0
1.0
718.0
1415
208.0
27.0
91.0
14.0
53.0
13.0
7.0
14.0
42.0
19.0
0.0
1.0
54.0
5.0
21.0
39.0
22.0
4.0
60.0
2.0
10.0
119.0
1.0
2.0
34.0
28.0
6.0
57.0
30.0
10.0
10.0
43.0
21.0
29.0
2.0
23.0
17.0
23.0
30.0
20.0
6.0
8.0
188.0
147.0
91.0
91.0
2197
5.0
47.0
916
10.0
133.0
18.0
3.0
33.0
50.0
472.0
11.0
22.0
213.0
10.0
1
1.0
39.0
79.0
5.0
264.0
5.0
14.0
9.0
860.0
9.0
4.0
5.0
9.0
93.0
155.0
107.0
64.0
3.0
151.0
269.0
85.0
117.0
27.0
14.0
1.0
2.0
525.0
586.0
12.0
27.0
5.0
0.0
20.0
196.0
1.0
165.0
51.0
34.0
121.0
5.0
317.0
152.0
39.0
18
299.0
90.0
39.0
368.0
7.0
31.0
132.0
9
9.0
227.0
7.0
199.0
15.0
19.0
4.0
69.0
479.0
3.0
191.0
96.0
146.0
51.0
162.0
4.0
46.0
110.0
1
1.0
33.0
7.0
10.0
3.0
120.0
6.0
295.0
38.0
336.0
205.0
1.0
20.0
833.0
11.0
10.0
9.0
2.0
168
477.0
20.0
93.0
91.0
146.0
90.0
97.0
1.0
282.0
10.0
1057.0
11.0
38.0
9.0
70.0
301.0
45.0
58.0
14.0
8.0
377.0
44.0
8.0
2.0
30.0
13.0
96.0
869.0
24.0
1118.0
30.0
479.0
511.0
3
414.0
223.0
184.0
32.0
3.0
10.0
93.0
102.0
396.0
53.0
60.0
10.0
49.0
15
10.0
12.0
9
177.0
1.0
98.0
96.0
144.0
560.0
2.0
7.0
94.0
36.0
50.0
100.0
36.0
30.0
50.0
6.0
3.0
0.0
5.0
10.0
40.0
26
29.0
1.0
118.0
144.0
32.0
2.0
106.0
889.0
3.0
1.0
41.0
44.0
5.0
100
1118.0
19.0
85.0
156.0
396.0
12.0
280.0
57.0
25.0
139.0
60.0
56.0
3.0
177.0
130.0
12.0
12.0
16.0
22.0
3.0
6.0
13.0
72.0
22.0
2.0
6.0
60.0
4.0
5.0
24.0
2.0
558.0
188.0
140.0
6.0
34.0
96.0
5.0
155.0
4.0
4
32.0
93.0
48.0
6.0
3.0
41.0
2.0
376.0
9.0
17.0
9.0
8.0
27.0
4.0
565.0
101.0
9.0
50.0
22.0
11.0
44.0
170.0
16.0
240.0
51.0
2.0
50.0
6.0
622.0
10.0
63.0
27.0
110.0
80.0
40.0
7.0
1.0
18.0
24.0
101.0
21.0
282.0
6.0
286.0
172.0
190.0
97.0
102.0
1.0
50.0
27.0
101.0
1.0
24.0
313.0
6.0
4.0
48.0
147
96.0
33.0
17
2487.0
1
1.0
14.0
173.0
242.0
5.0
7.0
46.0
12.0
1.0
211.0
10.0
100.0
83.0
46.0
11.0
4.0
1.0
20.0
325.0
27.0
32.0
21.0
51.0
833.0
572.0
117.0
29.0
16.0
384
6.0
49.0
10.0
0.0
420.0
88.0
8.0
18.0
32.0
84
40.0
106.0
28.0
10.0
26.0
34.0
1057.0
3.0
8.0
40.0
31.0
1.0
68.0
67.0
46.0
20.0
56.0
6.0
1.0
173.0
2.0
0.0
10.0
5.0
622.0
174.0
108.0
2.0
16.0
24
96.0
477.0
13.0
233
167
24
42
0
0
0
0
0.0
0.0
0.0
0.0
0.0
0
0.0
0.0
0.0
0.0
0.0
0.0
0
0.0
0.0
0
0
0.0
0.0
0.0
0.0
0.0
0.0
0.0
3.0
0.0
0.0
0.0
0.0
0.0
21
100.0
0.0
0
0.0
0.0
0
0.0
0.0
0.0
0.0
24.0
0.0
0.0
0.0
0.0
0.0
0.0
0.0
0.0
0.0
0.0
0.0
0.0
0.0
0.0
0.0
0.0
0.0
0.0
0.0
0.0
0.0
0.0
0.0
0.0
0.0
0.0
0.0
0
0.0
0
0.0
0.0
0.0
0.0
0.0
0.0
0.0
0.0
0.0
0.0
0.0
0.0
0.0
0.0
0.0
0.0
0.0
0
0.0
0.0
0.0
0.0
0.0
0.0
0.0
28.0
0.0
0.0
0.0
0.0
0.0
0.0
0.0
10.0
1.0
250.0
0.0
0
0.0
0.0
0.0
100.0
0.0
0
0.0
0.0
0.0
0.0
0.0
0.0
0.0
0.0
0.0
0.0
0.0
0.0
0.0
45
5
